5 Net 90.91504981646565 130.59977102279663 133.6054573059082
5 NetExtraLinear 89.2370214997378 127.45146298408508 130.2356026172638
10 Net 92.33088620870477 228.3537471294403 231.21042823791504
10 NetExtraLinear 91.92448872574725 232.9682605266571 236.00811743736267
15 Net 92.3046670162559 355.3957550525665 358.23483753204346
15 NetExtraLinear 92.06869428421605 356.4721164703369 359.3626892566681
5 Net 91.03303618248557 105.04020237922668 108.3052270412445
5 NetExtraLinear 10.448348190875722 125.10960721969604 127.88655400276184
10 Net 92.09491347666491 229.72549390792847 232.68613243103027
10 NetExtraLinear 92.06869428421605 232.25156044960022 235.4130983352661
15 Net 92.55374934452018 354.5473563671112 357.710729598999
15 NetExtraLinear 92.81594126900892 359.57049560546875 362.3384096622467
5 Net 91.8720503408495 106.13466358184814 109.38839936256409
5 NetExtraLinear 89.0534871525957 121.90971493721008 124.69884037971497
10 Net 93.19611955951757 230.111741065979 232.9603350162506
10 NetExtraLinear 91.46565285789198 230.49970936775208 233.5836570262909
15 Net 91.5836392239119 359.60923624038696 362.7384297847748
15 NetExtraLinear 91.79339276350288 358.06096625328064 361.0974564552307
5 Net 90.31200839014159 105.54203677177429 108.69504690170288
5 NetExtraLinear 10.448348190875722 121.87875437736511 124.60052013397217
10 Net 91.01992658626115 227.31708908081055 230.20466947555542
10 NetExtraLinear 91.57052962768746 233.92889308929443 237.12639927864075
15 Net 91.63607760880964 359.7086765766144 362.7756187915802
15 NetExtraLinear 93.7467226009439 363.8599143028259 366.8673961162567
5 Net 91.28211851074987 126.14074277877808 129.07544493675232
5 NetExtraLinear 10.448348190875722 105.9150140285492 109.13550114631653
10 Net 91.95070791819612 237.54951357841492 241.31761384010315
10 NetExtraLinear 91.85894074462506 238.43412351608276 241.55400037765503
15 Net 92.39643418982695 336.8094403743744 340.2308974266052
15 NetExtraLinear 92.52753015207132 345.98122668266296 348.9025490283966
